Dist Surface Mineral Mineral_new BaseActiveLayer
0 100 99.62 99.7673913043478 98.82
0.5 99.81 99.5 99.5773913043478 98.65
1 99.67 99.37 99.4373913043478 98.56
1.5 99.63 99.31 99.3973913043478 98.48
2 99.59 99.25 99.3573913043478 98.39
2.5 99.51 99.19 99.2773913043478 98.31
3 99.45 99.12 99.2173913043478 98.22
3.5 99.41 99.01 99.1773913043478 98.14
4 99.3 98.9 99.0673913043478 98.06
4.5 99.17 98.8 98.9373913043478 97.97
5 99.03 98.69 98.7973913043478 97.85
5.5 98.9 98.59 98.6673913043478 97.72
6 98.79 98.48 98.5573913043478 97.6
6.5 98.7 98.31 98.4673913043478 97.49
7 98.62 98.13 98.3873913043478 97.38
7.5 98.47 98.1 98.2373913043478 97.27
8 98.34 98.06 98.1073913043478 97.16
8.5 98.25 98.02 98.0173913043478 97.05
9 98.22 97.98 97.9873913043478 96.93
9.5 98.23 97.94 97.9973913043478 96.79
10 98.24 97.9 98.0073913043478 96.66
10.5 98.25 97.87 98.0173913043478 96.62
11 98.24 97.83 98.0073913043478 96.92
11.5 98.18 97.79 97.9473913043478 97.21
12 98.09 97.75 97.8573913043478 97.51
12.5 98 97.71 97.7673913043478 97.54
13 97.92 97.67 97.6873913043478 97.52
13.5 97.92 97.64 97.6873913043478 97.5
14 97.88 97.6 97.6473913043478 97.48
14.5 97.8 97.49 97.5673913043478 97.46
15 97.66 97.37 97.4273913043478 97.32
15.5 97.5 97.21 97.2673913043478 97.14
16 97.34 97.05 97.1073913043478 96.96
16.5 97.19 96.94 96.9573913043478 96.81
17 97.06 96.83 96.8273913043478 96.73
17.5 96.94 96.7 96.7073913043478 96.64
18 96.83 96.56 96.5973913043478 96.56
18.5 96.71 96.43 96.4773913043478 96.42
19 96.58 96.29 96.3473913043478 96.28
19.5 96.44 96.17 96.2073913043478 96.14
20 96.3 96.05 96.0673913043478 96
20.5 96.17 95.93 95.9373913043478 95.86
21 96.02 95.8 95.7873913043478 95.76
21.5 95.87 95.71 95.6373913043478 95.65
22 95.79 95.62 95.5573913043478 95.55
22.5 95.7 95.53 95.4673913043478 95.44
23 95.59 95.43 95.3573913043478 95.32
23.5 95.51 95.34 95.2773913043478 95.2
24 95.43 95.25 95.1973913043478 95.09
24.5 95.32 95.16 95.0873913043478 94.97
25 95.21 95.06 94.9773913043478 94.86
25.5 95.11 94.97 94.8773913043478 94.77
26 95 94.88 94.7673913043478 94.68
26.5 94.89 94.79 94.6573913043478 94.6
27 94.76 94.69 94.5273913043478 94.5
27.5 94.66 94.6 94.4273913043478 94.4
28 94.61 94.5 94.3773913043478 94.3
28.5 94.53 94.33 94.2973913043478 94.17
29 94.44 94.15 94.2073913043478 94
29.5 94.18 93.94 93.9473913043478 93.83
30 93.92 93.72 93.6873913043478 93.66
30.5 93.78 93.63 93.5473913043478 93.49
31 93.67 93.54 93.4373913043478 93.34
31.5 93.58 93.44 93.3473913043478 93.21
32 93.5 93.35 93.2673913043478 93.08
32.5 93.41 93.25 93.1773913043478 92.95
33 93.3 93.16 93.0673913043478 92.79
33.5 93.18 93.07 92.9473913043478 92.64
34 93.05 92.97 92.8173913043478 92.48
34.5 92.93 92.88 92.6973913043478 92.4
35 92.81 92.78 92.5773913043478 92.35
35.5 92.69 92.57 92.4573913043478 92.31
36 92.58 92.35 92.3473913043478 92.26
36.5 92.5 92.32 92.2673913043478 92.21
37 92.45 92.28 92.2173913043478 92.14
37.5 92.41 92.21 92.1773913043478 92.05
38 92.32 92.13 92.0873913043478 91.96
38.5 92.24 92.06 92.0073913043478 91.88
39 92.15 91.98 91.9173913043478 91.81
39.5 92.06 91.86 91.8273913043478 91.75
40 91.96 91.74 91.7273913043478 91.68
40.5 91.88 91.66 91.6473913043478 91.6
41 91.8 91.58 91.5673913043478 91.52
41.5 91.71 91.5 91.4773913043478 91.44
42 91.64 91.42 91.4073913043478 91.36
42.5 91.57 91.34 91.3373913043478 91.29
43 91.49 91.26 91.2573913043478 91.2
43.5 91.41 91.18 91.1773913043478 91.11
44 91.3 91.1 91.0673913043478 91.02
44.5 91.19 91.01 90.9573913043478 90.92
45 91.09 90.93 90.8573913043478 90.79
45.5 90.99 90.85 90.7573913043478 90.66
46 90.89 90.76 90.6573913043478 90.53
46.5 90.83 90.59 90.5973913043478 90.47
47 90.76 90.42 90.5273913043478 90.41
47.5 90.65 90.37 90.4173913043478 90.35
48 90.56 90.31 90.3273913043478 90.29
48.5 90.47 90.25 90.2373913043478 90.23
49 90.38 90.2 90.1473913043478 90.15
49.5 90.29 90.14 90.0573913043478 90.06
50 90.26 90.08 90.0273913043478 89.97
50.5 90.22 90.03 89.9873913043478 89.88
51 90.16 89.97 89.9273913043478 89.78
51.5 90.07 89.91 89.8373913043478 89.68
52 89.96 89.86 89.7273913043478 89.59
52.5 89.88 89.8 89.6473913043478 89.49
53 89.8 89.74 89.5673913043478 89.41
53.5 89.72 89.69 89.4873913043478 89.38
54 89.67 89.63 89.4373913043478 89.35
54.5 89.63 89.57 89.3973913043478 89.32
55 89.64 89.51 89.4073913043478 89.23
55.5 89.63 89.46 89.3973913043478 89.15
56 89.55 89.4 89.3173913043478 89.06
56.5 89.52 89.34 89.2873913043478 89.02
57 89.52 89.29 89.2873913043478 89.03
57.5 89.48 89.23 89.2473913043478 89.03
58 89.43 89.17 89.1973913043478 89.03
58.5 89.38 89.13 89.1473913043478 89.03
59 89.34 89.08 89.1073913043478 89.02
59.5 89.32 89.04 89.0873913043478 88.98
60 89.28 88.99 89.0473913043478 88.95
60.5 89.24 88.99 89.0073913043478 88.91
61 89.19 88.98 88.9573913043478 88.9
61.5 89.16 88.95 88.9273913043478 88.9
62 89.16 88.91 88.9273913043478 88.89
62.5 89.14 88.87 88.9073913043478 88.82
63 89.12 88.83 88.8873913043478 88.73
63.5 89.02 88.79 88.7873913043478 88.64
64 88.94 88.75 88.7073913043478 88.55
64.5 88.91 88.71 88.6773913043478 88.46
65 88.88 88.67 88.6473913043478 88.4
65.5 88.86 88.62 88.6273913043478 88.36
66 88.85 88.57 88.6173913043478 88.31
66.5 88.84 88.53 88.6073913043478 88.26
67 88.78 88.48 88.5473913043478 88.19
67.5 88.71 88.44 88.4773913043478 88.12
68 88.63 88.39 88.3973913043478 88.05
68.5 88.57 88.35 88.3373913043478 88
69 88.51 88.3 88.2773913043478 87.96
69.5 88.5 88.25 88.2673913043478 87.92
70 88.48 88.21 88.2473913043478 87.89
70.5 88.43 88.16 88.1973913043478 87.85
71 88.39 88.12 88.1573913043478 87.81
71.5 88.35 88.07 88.1173913043478 87.78
72 88.33 88.03 88.0973913043478 87.75
72.5 88.29 87.98 88.0573913043478 87.72
73 88.24 87.93 88.0073913043478 87.71
73.5 88.18 87.9 87.9473913043478 87.7
74 88.11 87.87 87.8773913043478 87.69
74.5 88.1 87.84 87.8673913043478 87.66
75 88.09 87.8 87.8573913043478 87.64
75.5 88.05 87.77 87.8173913043478 87.62
76 88.02 87.74 87.7873913043478 87.6
76.5 87.98 87.71 87.7473913043478 87.58
77 87.95 87.67 87.7173913043478 87.56
77.5 87.92 87.61 87.6873913043478 87.54
78 87.87 87.55 87.6373913043478 87.52
78.5 87.81 87.48 87.5773913043478 87.46
79 87.74 87.42 87.5073913043478 87.36
79.5 87.65 87.36 87.4173913043478 86.92
80 87.53 87.29 87.2973913043478 86.33
